51	73	90	46
20	20	68	60
36	58	92	12
56	69	26	18
71	21	28	66
66	46	29	76
75	55	10	55
67	64	74	54
57	13	80	42
43	81	23	46
85	45	15	37
62	23	32	17
23	34	81	69
16	52	70	58
83	38	96	45
74	46	17	15
83	64	68	91
32	17	83	14
39	52	51	93
17	27	35	89
90	36	50	78
72	36	57	30
17	38	79	92
10	20	20	95
18	45	37	53
66	99	63	17
39	75	44	80
64	14	82	63
54	85	43	33
80	78	47	32
68	99	41	53
10	84	44	68
54	98	82	86
42	93	41	52
86	13	81	37
66	30	81	63
73	13	29	34
87	60	63	59
58	86	19	85
24	16	76	93
18	26	39	89
50	16	53	82
29	15	95	28
65	13	86	58
74	49	45	41
18	61	54	32
17	97	56	27
72	26	29	87
71	88	94	23
63	76	90	21
75	31	42	25
71	91	42	56
25	58	90	77
91	99	68	47
49	54	51	62
17	12	94	88
26	54	67	99
28	77	96	51
79	72	90	37
81	42	11	80
24	89	75	52
20	91	94	17
98	85	26	29
33	55	23	54
16	34	58	65
39	91	95	83
68	20	91	68
60	56	40	69
88	18	87	73
81	93	47	56
32	35	87	82
74	75	43	61
82	48	62	22
31	60	36	25
75	49	10	45
39	79	62	11
22	36	16	13
61	70	85	38
83	52	34	76
53	10	64	84
97	83	33	59
85	27	22	61
13	40	79	41
65	88	32	15
43	32	49	81
44	10	60	18
30	47	16	26
61	23	88	84
99	86	81	52
61	51	62	41
86	40	61	98
41	97	27	94
26	30	54	68
37	77	31	34
56	74	20	42
77	33	57	36
68	21	35	63
96	36	39	87
80	11	90	61
33	61	29	72
46	42	55	91
80	71	80	48
75	77	18	55
78	93	22	82
78	43	32	75
94	62	59	70
28	28	67	67
49	52	16	93
36	88	43	82
77	75	26	53
59	69	30	32
47	54	32	25
19	85	60	70
32	65	48	89
45	19	66	24
70	27	24	64
74	23	65	49
83	53	54	25
12	14	30	65
63	72	58	43
68	51	78	64
67	14	27	79
74	27	76	59
95	63	28	80
35	44	85	23
23	61	92	65
54	90	21	26
18	71	23	42
19	12	79	88
81	66	39	34
32	47	20	22
98	26	43	29
55	41	92	41
20	41	33	11
83	97	63	24
51	48	23	98
86	15	93	93
13	95	32	84
20	58	60	78
32	16	64	89
93	81	41	15
46	29	39	14
14	94	68	53
98	93	62	83
63	83	84	50
31	72	36	49
22	83	21	24
41	49	47	12
78	42	52	97
96	28	15	49
22	33	68	10
82	96	78	83
46	81	43	13
20	39	96	76
10	18	76	12
68	35	32	57
15	31	18	10
67	79	51	36
12	30	90	38
37	66	98	37
18	48	43	77
64	42	19	79
26	98	86	97
24	96	62	51
48	81	17	13
46	19	55	21
56	44	73	78
40	56	34	70
30	36	88	39
38	97	52	97
43	61	12	34
20	13	89	38
96	57	54	46
91	37	98	14
84	80	95	99
36	84	39	60
36	19	71	66
28	83	55	96
88	18	68	17
26	68	66	13
13	25	73	49
15	60	94	82
34	32	86	93
51	62	45	37
28	13	53	36
41	63	35	53
92	35	53	75
99	84	92	24
59	20	24	12
10	99	30	85
24	57	93	30
11	37	47	64
15	59	51	97
33	13	93	71
78	16	85	44
51	57	55	19
33	81	96	63
62	58	16	22
90	64	97	43
65	57	51	75
45	42	35	98
84	61	52	83
11	86	11	71
36	87	16	24
52	19	40	65
98	26	50	78
39	28	64	39
29	82	42	90
10	36	52	58
14	13	83	63
92	60	56	55
21	68	70	58
62	26	74	33
90	76	82	77
72	61	97	72
61	21	46	15
90	81	16	30
66	31	60	61
25	54	82	44
11	93	30	78
41	54	36	83
13	22	16	22
95	40	52	75
25	27	49	69
60	17	66	92
22	36	62	39
58	73	13	94
39	25	69	77
90	89	96	72
60	19	43	58
62	39	50	36
79	57	13	69
94	94	45	92
33	55	21	44
24	37	68	27
21	48	88	68
98	13	38	86
35	23	85	68
44	17	47	43
61	15	29	75
75	41	11	14
21	97	55	24
43	25	69	61
66	68	36	11
52	57	93	71
85	32	70	81
26	98	14	50
14	26	10	38
47	78	81	88
28	90	29	20
95	45	37	54
98	76	79	36
20	46	39	34
84	12	12	43
74	88	76	79
52	88	52	93
56	34	47	51
15	86	50	54
98	33	97	21
16	91	20	60
76	93	87	22
44	48	43	55
72	64	45	18
97	39	15	98
69	68	77	62
81	94	68	76
49	47	34	42
37	39	12	70
14	70	47	46
40	49	83	46
97	34	68	38
77	28	78	36
76	22	24	22
38	40	52	96
26	85	99	91
44	11	26	10
19	69	46	63
14	23	98	66
99	23	19	78
35	27	55	35
85	56	33	83
24	10	65	34
82	64	75	54
82	58	14	73
57	17	97	59
91	63	27	93
94	35	37	33
72	89	48	31
19	61	96	66
88	17	37	72
82	63	64	67
98	53	62	97
53	66	76	92
86	50	28	28
68	51	50	85
60	32	96	38
24	75	11	29
75	62	80	98
15	63	96	63
45	40	45	68
37	20	63	24
76	89	14	68
62	28	92	57
71	30	63	47
11	32	87	17
94	11	92	41
47	87	10	69
86	50	21	61
90	98	33	79
99	68	61	37
89	76	98	77
64	84	65	63
69	86	83	20
10	41	14	55
75	78	79	87
85	37	11	58
67	91	99	34
52	15	34	16
99	65	62	67
37	46	48	25
12	46	61	85
54	30	67	14
48	71	18	97
65	79	19	24
82	37	64	91
60	39	21	48
69	32	35	99
67	32	94	86
38	58	48	71
26	95	98	37
21	55	75	19
33	65	26	38
96	82	45	87
53	33	84	88
23	83	66	99
56	94	72	11
97	65	55	65
22	99	40	67
64	18	27	50
54	83	25	36
99	50	67	66
85	71	64	60
69	48	11	60
94	22	53	34
48	19	98	86
13	15	62	97
67	86	23	22
10	66	82	67
40	37	16	87
72	90	80	43
64	52	62	33
62	41	68	78
54	19	41	36
16	72	13	53
39	66	35	25
38	84	73	73
32	77	70	65
12	88	21	24
99	98	12	71
80	33	38	19
93	66	81	78
33	31	34	51
54	28	64	88
52	46	83	57
63	96	75	20
15	25	31	65
24	35	20	93
43	95	80	48
44	15	39	23
15	83	38	96
59	58	46	66
29	88	22	40
14	38	98	15
89	87	23	48
23	83	35	88
16	14	33	89
44	48	15	59
79	90	87	99
38	17	86	51
52	93	59	79
63	20	57	48
34	23	43	92
42	27	35	94
88	10	27	76
54	60	98	50
29	99	93	99
79	23	86	33
89	25	73	80
64	47	85	67
67	64	40	54
81	20	62	95
38	94	84	96
14	37	23	73
75	99	34	38
39	76	56	65
87	92	30	57
91	96	13	33
64	37	44	79
91	14	19	78
34	59	27	75
92	43	12	39
85	16	74	88
57	19	98	66
21	39	38	91
61	24	93	84
24	36	81	50
66	67	51	40
19	93	13	93
35	75	66	68
59	18	69	69
21	61	99	62
95	26	40	51
75	81	98	68
19	70	15	66
27	79	54	97
55	84	91	30
32	14	88	19
67	63	94	41
77	32	94	28
17	51	23	33
77	32	91	83
60	87	86	96
79	64	20	67
42	48	72	87
50	61	50	76
68	48	73	13
52	11	85	13
69	16	16	19
67	43	31	65
12	85	88	89
69	32	56	61
33	34	40	96
85	20	18	34
66	62	55	79
86	73	77	84
61	69	91	68
32	37	59	90
20	20	93	59
93	13	61	66
78	80	64	75
37	73	62	55
15	38	45	55
69	18	78	83
56	46	12	19
52	10	23	66
99	76	65	78
42	69	70	78
42	41	80	10
25	54	48	16
72	99	53	64
55	70	53	13
83	61	63	80
56	35	16	43
11	83	68	16
62	35	18	62
24	77	37	96
71	45	95	63
27	88	23	95
25	59	95	44
94	21	49	94
35	71	33	90
31	30	22	29
80	97	68	91
79	63	38	91
66	69	51	45
45	89	18	62
10	75	96	19
53	98	26	73
54	15	60	39
91	10	81	30
96	15	39	61
26	68	95	92
45	84	95	65
52	87	46	68
55	18	77	88
52	89	44	67
90	39	92	17
91	33	44	38
57	36	20	60
14	22	36	76
20	26	13	35
33	34	93	99
52	72	68	82
52	55	46	88
26	13	94	76
71	44	51	17
75	82	28	63
93	54	19	26
60	69	13	37
74	90	64	48
17	47	44	41
63	74	92	77
25	75	50	46
64	19	36	87
95	75	70	63
90	40	98	11
60	31	49	62
19	48	53	61
57	86	17	19
47	86	56	70
55	24	85	90
39	49	26	69
86	10	95	79
35	51	42	94
64	44	17	76
77	95	16	79
55	90	27	60
71	89	39	59
32	13	55	58
20	20	96	93
32	82	10	10
32	20	19	45
40	91	70	10
11	51	81	50
29	61	46	41
36	76	40	87
49	85	20	41
25	29	97	13
65	17	70	18
84	27	47	44
96	55	96	53
49	94	19	79
78	86	74	67
85	44	33	40
74	67	41	81
90	59	54	75
35	69	92	42
56	39	65	26
46	19	47	99
68	32	70	76
18	98	52	20
91	91	10	23
32	56	55	13
87	52	82	73
46	53	92	61
89	53	24	90
53	59	52	98
37	66	94	66
52	47	67	86
95	53	56	98
58	61	37	87
61	82	44	86
14	24	38	12
87	80	50	27
39	22	72	96
52	41	28	82
29	45	97	14
33	37	47	44
13	52	93	80
90	63	48	67
80	21	36	66
58	19	30	35
12	36	64	35
62	19	94	77
97	85	77	20
50	60	56	89
71	15	89	25
68	95	15	93
46	77	76	30
25	80	86	37
91	44	24	78
17	91	51	18
23	31	45	56
78	58	54	83
61	76	28	51
58	89	71	57
38	79	16	82
57	58	30	59
61	35	53	57
19	46	84	26
82	62	89	46
30	24	19	66
33	22	77	30
15	44	24	67
10	41	62	57
55	49	63	44
19	10	46	83
58	96	48	15
46	23	54	74
17	97	37	64
35	96	26	42
89	16	47	55
37	53	18	74
74	72	44	44
64	99	28	30
95	70	94	55
61	51	49	77
30	64	40	63
42	38	15	85
76	40	48	36
14	97	15	93
75	31	76	19
82	88	85	26
44	23	55	33
79	52	86	49
99	73	71	71
45	47	90	97
86	17	11	32
85	86	28	73
64	46	63	19
88	54	41	15
25	97	74	23
19	75	46	36
73	29	29	46
54	25	85	84
33	72	16	65
71	11	20	89
18	58	26	28
50	23	28	29
43	26	26	83
30	49	31	91
17	56	41	55
91	77	11	39
26	95	68	84
38	68	49	94
42	99	17	60
42	86	87	68
83	27	72	41
30	53	59	63
66	38	31	77
41	44	53	92
60	69	97	81
67	56	54	77
53	33	83	81
12	58	83	39
10	58	93	39
84	21	35	95
79	27	94	22
57	55	80	70
60	79	13	87
41	80	99	45
82	82	86	52
37	48	52	61
41	21	33	34
53	25	38	47
99	69	43	83
45	64	52	16
66	73	17	81
61	80	48	27
54	20	96	68
40	55	68	53
55	62	95	73
27	72	65	57
50	68	90	90
18	81	35	32
96	46	63	90
47	38	16	15
93	35	35	33
54	15	98	94
93	57	40	54
82	30	49	69
47	33	32	69
95	78	21	98
38	38	21	86
91	40	61	58
18	56	25	15
90	98	71	30
73	49	56	18
95	71	91	44
14	88	65	23
26	40	94	83
48	51	58	71
79	99	23	77
59	31	42	39
19	26	23	17
39	96	25	68
26	53	68	72
37	30	25	77
82	49	60	83
40	66	58	91
12	81	96	98
86	14	82	89
62	11	57	75
93	94	44	58
77	48	34	39
41	40	33	85
78	53	42	63
53	45	90	26
63	55	59	27
94	23	89	12
91	39	56	45
52	37	50	94
97	45	45	56
59	13	64	90
48	77	31	61
44	72	76	63
59	96	50	34
81	28	25	14
18	39	55	19
36	90	14	70
39	99	31	46
21	17	63	84
46	49	10	94
65	28	49	88
57	96	14	50
54	58	24	33
11	99	84	94
43	90	85	18
33	34	85	58
85	58	12	33
49	35	71	76
46	99	22	64
38	52	66	86
65	46	94	23
96	29	56	12
93	25	39	39
46	89	97	46
94	98	84	54
58	65	35	12
88	27	74	67
46	39	86	35
89	36	47	33
42	72	43	19
47	14	84	51
85	93	97	58
64	45	88	85
48	51	30	82
57	88	30	37
88	14	82	63
19	38	40	16
98	35	34	77
73	64	57	46
11	20	15	59
41	13	75	85
75	18	77	18
75	89	36	12
46	42	25	66
60	94	49	62
41	11	66	17
13	73	19	25
65	93	39	52
84	94	24	40
79	97	90	20
94	10	68	39
97	29	36	32
57	51	29	16
25	74	32	99
52	90	34	75
78	97	57	85
10	20	71	96
12	83	43	25
12	70	10	30
43	45	40	59
60	68	79	80
89	48	75	68
56	13	92	86
49	28	29	45
15	98	15	53
43	73	44	58
76	58	17	57
14	62	54	23
75	31	27	54
44	51	21	68
93	46	91	54
87	58	84	15
95	24	72	86
71	64	20	41
53	11	47	84
54	35	37	86
17	32	36	17
69	73	60	97
26	18	57	26
29	96	28	10
95	31	68	90
67	74	86	49
69	46	95	71
50	33	58	37
68	16	10	38
27	10	81	92
33	45	89	98
14	58	20	66
61	24	48	67
67	33	92	48
91	33	75	91
53	72	65	64
47	49	56	58
81	56	31	18
99	49	35	10
84	76	97	72
32	83	94	35
79	85	69	62
55	67	69	99
97	44	19	74
88	68	97	54
41	60	54	58
34	29	38	22
61	83	60	76
17	88	46	35
21	24	40	78
88	34	98	78
68	15	25	61
43	36	85	70
51	44	52	70
68	80	34	27
23	58	51	42
50	15	12	61
99	14	10	87
92	30	35	90
95	75	95	67
26	73	25	81
52	99	81	39
90	47	10	90
60	82	66	92
63	39	40	35
51	39	65	86
14	12	51	84
66	72	22	36
46	72	93	70
68	90	52	86
55	26	33	42
52	73	70	67
22	68	25	38
74	61	86	81
62	54	57	76
70	45	52	16
85	93	19	38
70	11	26	46
77	29	70	78
56	82	55	62
14	48	28	78
24	37	96	25
26	45	90	99
95	68	22	77
14	13	35	64
37	40	82	50
46	98	87	96
69	98	38	69
63	60	56	94
45	11	22	88
25	43	84	38
49	48	22	24
42	30	56	73
43	86	71	77
75	35	72	62
59	44	56	36
33	56	51	56
74	65	15	23
70	56	81	64
65	77	69	26
13	51	28	90
74	20	49	68
38	18	40	86
41	39	71	94
43	78	36	99
30	40	15	56
12	94	32	11
33	61	68	37
49	55	64	90
70	46	34	73
98	74	34	81
49	95	79	74
94	21	37	52
35	65	62	99
77	76	26	94
39	33	30	20
43	38	12	58
10	90	60	48
77	28	74	53
32	21	44	82
74	37	70	71
62	66	53	69
76	25	62	38
58	21	30	14
63	67	66	29
98	77	36	55
45	25	42	79
80	42	16	41
58	50	83	33
31	29	57	79
47	16	54	99
86	38	42	73
31	50	19	17
27	27	77	10
52	31	85	86
48	52	79	96
40	59	73	43
72	88	17	38
33	63	49	90
69	59	15	37
78	76	87	78
46	27	88	55
18	29	91	93
80	60	46	60
16	47	37	14
25	60	37	95
88	21	94	14
26	63	31	26
44	69	84	54
42	77	57	87
93	10	43	99
36	24	47	53
19	81	15	96
38	81	48	86
99	37	48	83
23	47	94	96
89	14	48	14
79	69	36	48
91	61	83	27
66	49	26	21
62	73	56	95
13	31	54	15
93	17	61	97
78	61	50	12
88	71	73	10
11	38	25	83
20	58	78	44
96	38	73	16
86	85	11	28
93	16	95	42
35	62	44	92
79	59	67	18
14	48	66	35
33	18	51	30
77	83	44	52
38	19	53	77
53	63	24	47
73	12	51	49
96	38	59	20
12	10	86	75
49	72	91	38
90	92	63	69
35	19	45	83
77	64	14	22
51	10	47	28
25	21	78	25
92	54	23	58
52	10	55	12
88	82	40	38
35	24	88	10
25	51	54	22
10	13	75	53
32	12	78	76
94	23	56	56
79	26	97	92
43	61	56	63
15	98	60	49
24	29	50	65
73	91	80	36
68	28	12	26
21	78	87	80
28	18	45	23
21	53	51	93
75	10	85	21
39	23	16	25
63	68	60	72
81	13	67	40
95	43	28	40
15	93	19	96
49	79	65	40
99	76	96	14
27	23	46	41
75	61	21	65
54	40	33	63
38	78	20	23
24	21	51	91
18	52	80	35
27	11	43	12
90	10	93	35
81	75	94	31
30	32	23	99
49	80	45	83
53	79	60	14
82	38	68	41
93	83	18	42
36	67	78	80
99	64	99	52
92	27	10	71
85	22	65	74
90	74	76	40
62	37	42	83
84	55	75	29
26	69	92	76
28	80	32	37
52	47	35	47
87	52	75	67
57	23	36	61
84	40	22	13
50	14	49	12
19	19	20	90
38	39	51	65
45	13	45	86
39	36	84	45
88	73	34	20
80	92	29	74
50	49	10	74
11	30	85	45
26	98	17	91
40	44	10	59
85	54	20	14
95	16	65	61
72	48	38	48
79	97	66	85
40	52	30	76
25	28	54	32
18	67	79	91
78	54	72	44
40	92	88	90
78	65	29	65
45	74	86	37
38	81	61	46
73	72	54	66
87	73	93	97
95	43	48	20
32	66	50	33
18	64	38	24
30	84	81	54
97	71	19	51
19	70	13	22
72	95	66	73
87	38	66	26
67	30	33	13
57	54	89	18
40	52	91	96
50	25	94	28
97	75	59	82
72	53	51	95
42	39	25	33
58	60	85	41
76	34	72	80
67	30	43	82
29	26	91	30
72	60	10	32
49	44	57	87
84	33	61	66
31	47	36	30
82	13	24	93
70	33	44	24
19	52	66	36
67	39	82	32
90	24	96	94
89	99	17	18
51	94	14	92
97	12	51	67
27	75	28	44
20	18	60	66
36	49	12	89
19	99	11	50
85	75	25	35
33	82	42	67
58	18	80	88
91	16	77	62
71	17	38	57
56	60	41	26
39	96	86	55
66	69	15	73
44	74	67	96
82	49	78	20
77	51	91	89
66	63	57	87
74	84	62	85
96	84	74	86
21	63	45	59
41	62	11	24
18	25	44	20
14	88	57	37
84	72	73	24
66	93	15	15
98	60	25	77
47	71	50	65
54	98	66	26
99	75	76	15
81	31	83	30
12	98	47	28
14	90	16	67
63	90	47	45
15	43	23	16
16	34	93	20
86	50	10	96
32	51	41	97
90	91	95	51
22	84	91	86
63	15	45	88
94	76	84	46
97	82	94	46
46	84	94	84
55	52	79	60
89	55	24	58
60	16	30	65
99	11	50	54
16	80	29	13
81	22	53	22
74	30	14	23
14	60	44	93
58	34	36	44
45	10	23	14
82	82	87	83
28	48	81	83
29	70	65	11
41	81	17	65
65	97	56	20
25	80	42	74
38	50	75	29
15	98	39	35
93	93	25	56
85	21	11	97
44	82	85	98
43	83	39	95
57	33	60	34
86	67	36	81
66	14	61	46
43	91	22	49
75	68	16	46
15	18	74	35
16	71	14	53
75	81	97	78
24	28	44	20
97	81	17	72
23	62	23	86
17	78	29	43
81	17	70	57
49	86	75	16
69	81	71	17
46	26	76	27
90	86	92	76
28	69	87	52
64	64	17	84
60	40	45	18
75	91	62	65
54	15	35	50
12	47	53	63
12	78	68	13
47	45	86	57
49	61	65	10
92	11	69	22
54	35	63	88
44	93	35	20
53	72	26	89
42	65	50	56
47	30	76	39
97	38	90	59
62	11	61	21
75	68	71	37
33	91	65	43
35	62	34	10
60	85	14	54
47	61	93	22
73	18	19	54
94	71	69	97
68	95	46	64
30	77	45	20
43	18	50	11
90	99	23	28
97	93	61	78
59	54	90	29
72	67	44	46
33	50	85	18
86	25	22	62
93	93	32	13
31	70	95	23
97	58	92	87
36	47	56	46
97	34	82	95
93	18	10	88
89	73	66	34
87	70	95	66
71	84	41	60
78	51	97	60
97	92	40	37
98	73	20	56
16	82	58	70
65	12	88	13
89	75	22	36
76	99	44	44
19	30	98	41
55	38	57	22
90	26	14	74
50	52	63	47
74	35	37	41
33	43	27	43
45	27	32	27
95	35	79	43
59	66	42	81
39	46	20	72
24	11	14	66
76	64	11	25
75	12	38	96
35	30	60	11
73	55	88	77
52	68	22	34
49	93	33	31
14	47	84	72
10	98	48	46
37	99	63	35
43	96	91	71
16	26	77	70
59	89	83	69
31	29	12	67
56	42	67	65
74	21	47	15
72	90	57	48
65	68	46	39
65	74	51	41
73	98	53	69
99	70	62	35
48	65	33	93
67	78	58	15
76	52	29	50
11	95	53	69
47	29	24	75
55	69	72	92
41	58	42	14
29	96	34	61
50	99	66	93
53	72	40	66
29	56	79	30
73	45	92	44
87	37	41	91
54	65	17	95
31	20	74	10
22	81	23	59
72	64	58	23
60	73	72	41
42	19	57	20
73	85	62	50
11	79	22	20
72	53	39	20
82	37	27	30
27	90	63	68
43	63	83	79
99	76	83	18
65	64	12	12
50	98	72	55
60	30	71	31
67	42	20	59
14	26	50	15
61	87	20	45
51	39	10	80
76	21	60	31
18	77	97	39
63	83	97	73
76	24	25	19
21	66	95	86
46	26	45	66
61	97	27	69
95	56	40	97
79	65	66	77
34	75	25	39
96	85	51	44
92	54	50	35
98	95	87	62
35	16	30	29
52	49	40	75
21	66	41	14
89	84	69	87
54	46	78	72
44	93	72	49
82	84	51	43
55	99	30	89
74	67	73	71
76	42	30	93
98	32	52	96
95	33	21	10
95	50	83	58
17	11	32	76
61	20	52	37
68	32	14	73
80	66	29	18
74	77	85	35
83	81	17	18
12	92	49	45
56	54	15	94
11	24	70	56
58	55	41	30
25	52	92	23
18	60	74	72
62	62	76	41
29	77	89	24
70	51	33	99
19	96	71	97
53	57	65	44
54	45	59	26
10	65	32	71
48	85	26	43
66	75	61	80
53	29	41	51
13	26	86	28
65	21	59	11
74	56	85	17
41	11	22	66
22	18	63	94
77	88	12	37
84	57	62	43
24	56	69	42
25	35	70	46
99	80	31	70
65	19	99	61
10	32	68	25
95	97	54	70
58	38	52	50
68	24	44	49
30	16	11	61
85	49	26	49
96	13	69	31
37	32	39	85
67	53	12	91
40	94	31	55
29	22	95	24
11	10	39	48
73	75	45	89
98	16	80	25
10	86	83	60
85	16	54	34
71	99	92	34
29	18	14	33
97	61	55	37
23	78	90	12
16	72	19	86
39	50	34	72
86	53	96	17
78	12	55	20
91	35	85	74
65	83	96	68
31	16	87	55
68	55	39	12
33	65	58	49
14	24	39	88
46	22	24	80
22	55	16	68
33	97	29	31
91	23	47	29
25	22	73	21
18	98	94	98
90	39	64	73
65	62	79	22
63	73	57	13
76	42	79	89
26	66	88	83
21	52	28	84
80	99	91	57
77	62	77	69
65	18	52	26
67	63	36	60
30	81	54	37
93	63	59	25
81	62	17	12
36	19	63	95
72	56	57	30
64	78	81	35
26	23	49	49
95	60	81	53
28	13	24	12
96	50	15	95
78	86	72	66
68	58	70	19
81	17	13	21
93	71	14	86
34	91	38	24
27	66	21	72
43	35	14	34
11	90	28	18
15	14	67	20
15	18	80	87
58	57	83	90
96	35	38	11
56	48	95	88
34	43	40	99
36	71	65	65
62	29	60	69
88	38	73	38
56	76	97	77
90	14	36	73
21	39	19	16
89	14	19	82
42	65	57	99
79	65	34	61
21	91	32	90
32	42	72	86
93	93	48	13
30	52	37	90
31	24	64	49
81	32	64	22
83	59	84	84
49	50	26	57
70	75	43	68
96	40	74	88
70	76	39	37
92	82	47	64
44	46	91	92
64	38	46	52
60	53	68	67
18	54	62	67
30	68	74	71
75	36	86	89
29	56	74	48
44	11	49	32
50	15	48	26
95	90	86	94
51	13	33	23
49	74	61	57
31	90	89	39
66	53	49	39
82	54	22	39
95	34	91	14
15	10	92	78
86	26	54	32
27	97	19	91
97	73	23	29
84	11	61	17
19	43	33	91
32	76	33	27
72	68	43	70
51	67	63	72
55	60	29	39
57	61	87	48
10	17	79	34
72	85	32	87
89	44	22	45
33	23	71	46
74	96	27	56
62	75	18	80
42	20	10	22
37	84	21	56
75	76	86	16
54	97	28	89
15	57	75	41
36	78	21	99
82	58	36	19
16	54	46	33
71	48	46	22
69	71	35	38
64	85	67	82
76	26	21	20
69	22	97	36
68	46	46	71
29	52	34	41
12	41	63	40
71	48	69	90
34	21	60	36
62	77	13	44
46	91	45	20
98	87	44	45
65	34	36	27
10	35	38	66
70	23	50	76
75	12	38	63
41	62	40	92
17	71	85	39
63	92	74	47
73	23	18	91
91	88	90	83
99	76	60	78
78	79	83	52
86	95	35	72
86	73	12	63
19	84	97	76
58	11	65	64
18	25	95	41
59	93	44	25
38	27	87	64
59	33	94	42
39	59	20	58
21	68	95	55
20	18	12	96
36	83	70	57
96	18	65	68
76	19	67	70
53	31	67	93
73	86	74	48
84	43	39	70
97	18	60	87
67	15	73	66
34	71	23	57
28	85	52	66
50	79	46	36
28	40	61	60
55	36	82	18
30	51	97	96
54	95	20	28
21	79	95	30
30	25	74	29
34	77	38	30
97	15	73	23
43	86	29	78
65	19	29	96
34	74	25	72
61	53	16	84
45	45	14	37
12	75	45	25
63	35	28	46
76	24	85	65
50	94	27	78
16	93	50	69
30	52	89	40
70	76	35	97
65	66	77	95
68	40	83	57
93	80	93	18
71	17	50	24
32	73	62	45
99	75	35	89
23	27	71	31
11	30	93	27
25	12	71	96
69	35	96	42
31	16	89	56
42	84	69	24
56	82	20	76
83	46	37	30
47	46	54	50
91	31	29	79
89	59	15	89
18	62	11	88
37	43	14	76
60	23	37	71
37	93	70	18
39	20	64	88
45	32	23	50
10	76	71	12
20	68	64	71
42	79	71	77
34	27	74	58
56	64	56	57
27	80	51	45
84	89	10	95
61	36	81	31
69	91	72	70
54	23	93	54
64	44	72	18
10	67	45	21
52	60	45	12
39	48	26	40
70	67	66	43
18	49	43	98
27	20	38	14
44	35	54	22
68	24	27	97
12	51	45	73
19	91	15	58
33	28	38	87
76	18	56	13
69	35	86	60
47	37	10	39
46	39	51	44
22	74	17	73
19	33	78	55
17	56	38	29
73	81	49	11
18	54	36	74
14	61	97	11
88	50	12	92
48	45	90	30
96	92	77	50
71	74	49	75
41	97	44	92
97	32	67	79
50	70	32	22
28	82	39	19
56	55	17	56
62	47	81	62
54	76	48	81
84	45	19	65
23	67	45	15
24	30	19	39
54	69	33	79
90	89	91	90
96	36	72	80
54	80	84	25
27	57	61	57
30	31	69	69
76	51	14	14
36	35	67	74
29	14	84	82
55	36	64	85
36	84	72	19
79	74	11	92
30	91	45	72
82	21	84	62
36	56	20	13
22	96	82	39
33	93	26	13
30	49	31	45
34	78	55	42
88	73	39	31
23	21	23	25
70	92	39	91
31	89	88	46
66	34	13	34
36	64	36	38
37	16	78	25
65	21	78	24
75	59	88	61
49	11	43	25
69	26	80	44
55	20	91	69
14	61	41	45
14	94	85	29
26	78	37	10
90	38	51	39
62	73	51	77
67	76	91	46
97	10	70	19
91	83	21	66
24	44	66	49
41	89	85	43
24	73	28	47
99	17	98	61
70	76	35	43
90	70	62	85
67	75	42	17
34	20	74	14
30	69	96	69
10	48	31	51
54	15	56	34
38	62	74	14
93	69	23	43
69	21	98	42
49	75	88	28
65	23	82	81
76	50	84	61
52	34	76	92
53	93	34	54
69	38	44	54
68	80	21	56
33	13	10	40
92	28	59	52
60	94	62	99
11	72	59	63
35	57	67	58
93	74	46	58
12	42	68	14
18	92	62	19
53	32	58	14
81	73	64	65
52	83	75	91
83	96	60	49
66	48	91	16
60	96	77	49
10	39	97	99
51	49	66	19
32	43	98	97
99	98	20	20
80	17	42	46
36	61	90	42
79	56	88	81
83	48	98	72
54	72	92	51
67	35	44	61
53	57	69	68
90	70	99	25
61	41	47	36
58	48	88	39
90	66	38	66
18	46	88	23
37	39	33	59
89	68	56	62
89	21	27	77
75	99	14	62
13	43	26	51
27	74	77	96
59	36	43	84
71	39	94	55
35	91	83	29
92	68	68	52
74	63	49	63
36	18	39	85
23	88	33	89
35	16	76	58
62	60	25	52
60	90	13	43
85	53	30	14
68	83	61	53
85	10	99	74
15	99	29	43
51	65	83	24
79	17	91	40
69	15	66	84
27	41	57	27
67	66	26	54
61	85	93	71
56	48	83	18
52	76	13	17
29	16	70	24
70	49	66	63
24	10	25	78
58	46	41	90
33	45	90	33
86	75	11	48
85	69	90	20
80	60	22	26
92	98	22	12
99	34	52	59
94	17	58	75
26	37	93	86
76	16	72	37
13	25	91	94
57	47	78	42
11	20	36	81
13	22	68	55
87	24	88	83
65	42	74	23
17	46	11	34
57	71	29	12
62	30	35	69
15	62	50	23
13	71	34	37
33	42	94	58
15	11	14	56
75	92	88	56
71	97	10	59
86	76	59	38
71	11	24	93
15	94	77	95
12	59	89	92
28	39	32	24
93	31	95	21
64	49	22	38
73	58	78	69
39	59	39	27
86	64	65	84
91	51	25	46
70	34	32	93
97	97	90	51
61	13	91	15
67	36	43	49
64	97	81	78
74	49	61	35
84	59	49	89
42	59	54	81
28	47	27	29
94	96	37	25
12	82	71	77
13	72	81	11
17	54	96	76
91	41	22	49
43	33	16	30
52	75	45	12
41	68	27	35
91	88	84	81
85	26	79	92
41	98	51	22
24	67	58	85
25	20	96	37
58	23	75	65
37	82	21	70
94	59	91	52
96	54	89	55
42	19	53	35
20	25	50	71
45	20	89	38
17	28	91	83
99	33	46	84
93	16	41	40
66	59	71	96
95	69	41	90
97	45	81	49
15	44	74	30
64	78	44	76
18	85	23	82
82	75	52	29
81	26	70	45
96	28	69	26
32	98	69	73
64	39	20	51
38	72	56	66
32	17	15	78
73	36	23	70
22	53	81	24
71	54	70	79
42	18	87	19
87	11	33	34
86	83	45	93
52	54	37	89
37	33	12	68
50	83	94	58
87	13	89	33
71	77	79	49
98	48	29	79
44	43	80	74
17	39	61	77
65	66	96	80
50	53	10	15
17	98	21	83
79	51	62	60
60	40	52	71
29	80	36	53
80	69	19	98
41	12	23	38
46	15	90	94
35	18	92	63
35	55	38	13
75	49	30	18
79	66	31	92
36	49	18	51
82	58	76	15
36	68	88	24
80	31	33	72
18	15	17	21
38	39	17	25
32	78	17	99
14	29	21	29
64	79	44	90
29	36	40	60
27	94	57	27
43	84	22	70
81	72	85	31
39	37	50	74
64	87	19	14
46	24	60	51
55	56	19	16
46	51	49	50
85	75	80	71
19	17	79	58
76	85	36	85
48	24	96	96
44	35	76	33
41	27	33	80
15	94	85	68
48	38	90	97
64	96	54	15
94	28	56	83
79	70	75	94
87	83	81	52
19	18	20	50
24	51	32	57
90	60	71	84
52	26	89	38
35	77	65	58
13	13	34	40
47	75	36	98
74	27	29	86
39	53	62	28
45	11	39	18
74	50	30	81
80	45	92	61
81	85	21	69
45	42	12	39
37	79	30	49
85	98	67	85
13	72	57	82
67	56	93	75
91	78	66	29
35	99	87	94
35	82	20	23
25	83	92	49
52	31	88	52
33	89	96	59
22	47	18	64
49	35	79	85
31	79	86	57
35	31	35	82
25	48	99	61
61	73	35	86
40	33	51	62
63	26	60	69
28	68	22	43
40	31	34	53
46	67	78	27
78	96	92	30
96	56	98	93
86	47	35	67
53	74	54	20
54	95	59	92
30	81	93	57
41	40	21	86
62	30	66	31
32	92	86	60
22	33	14	41
53	81	96	30
82	89	20	13
86	36	15	79
89	19	14	43
18	74	62	25
30	86	19	61
73	48	61	69
65	19	27	91
18	70	96	18
18	25	28	15
73	25	58	16
89	80	21	48
30	79	12	23
97	54	11	12
93	70	67	10
18	48	30	51
86	76	48	99
49	88	50	35
91	75	85	54
58	33	71	51
51	61	94	75
82	61	32	92
94	22	58	38
95	21	36	43
35	55	59	66
17	76	33	40
74	94	82	15
58	11	75	13
52	94	48	33
47	33	86	93
54	87	30	18
97	90	22	66
34	74	98	82
67	78	91	31
86	22	56	74
94	11	78	16
41	13	34	50
53	61	73	62
15	83	76	70
75	19	75	76
62	20	22	36
82	26	32	38
87	39	44	47
65	52	72	97
42	34	95	14
55	25	12	92
27	57	49	39
23	88	83	95
79	17	94	83
44	75	47	64
86	15	57	41
84	69	42	66
22	21	29	56
55	31	62	34
37	11	77	48
53	95	57	13
40	33	46	45
13	86	96	10
61	40	88	30
21	17	19	45
38	25	94	25
18	11	40	56
74	58	17	58
59	75	96	71
31	97	69	19
63	55	82	70
55	15	98	17
64	76	77	44
73	90	80	47
62	49	25	78
54	96	11	67
31	26	70	56
12	23	50	44
35	16	74	12
40	33	75	38
96	89	23	25
85	83	76	79
21	80	61	24
41	41	96	42
71	46	51	11
18	67	15	58
27	57	59	58
50	41	75	30
55	70	32	10
21	31	41	17
87	65	82	94
41	56	94	62
70	98	70	77
94	55	46	89
93	88	77	37
16	63	75	62
43	83	98	12
58	79	29	16
94	95	31	30
13	80	37	95
19	55	39	19
68	30	30	35
65	73	70	70
24	70	21	81
81	87	37	53
50	52	83	17
74	56	57	69
72	35	92	84
55	60	30	19
79	23	17	23
85	60	85	36
24	58	36	85
43	54	99	61
56	62	97	29
67	25	88	17
10	22	48	42
18	43	68	13
28	54	59	73
71	41	50	95
55	93	62	85
72	95	87	98
89	26	78	88
73	48	42	24
38	28	82	96
17	48	50	68
31	82	45	12
60	55	36	31
19	73	33	36
78	55	52	30
58	57	12	28
34	85	13	71
75	88	23	88
45	77	43	80
19	38	94	99
20	68	48	90
53	56	80	19
61	60	70	25
65	92	85	68
80	21	41	22
94	88	34	39
35	12	85	11
84	49	26	75
68	12	49	12
65	81	39	32
67	85	67	33
90	86	50	88
41	78	52	45
70	91	27	98
62	26	10	30
91	47	55	16
46	47	47	95
35	23	86	98
33	98	53	32
20	93	87	50
77	23	96	80
69	12	27	91
48	81	98	89
21	58	15	26
33	88	36	87
19	14	25	91
31	74	77	11
42	19	72	67
52	59	47	62
84	92	24	74
82	61	33	28
32	34	22	24
82	22	22	23
11	10	15	29
49	30	34	91
11	61	95	68
10	18	42	77
89	85	12	71
77	58	52	66
82	41	55	29
25	64	32	63
73	74	65	44
33	56	31	33
62	83	30	65
14	25	59	55
42	79	12	78
69	83	27	86
31	76	23	30
14	48	51	92
34	59	44	29
40	43	14	91
29	60	59	64
83	42	45	16
60	56	54	96
93	65	93	90
31	19	82	42
23	71	32	88
88	22	48	25
49	21	25	26
42	55	26	61
39	53	25	18
59	89	48	10
35	82	38	41
24	87	19	29
48	98	29	86
36	62	51	38
11	58	55	90
44	36	57	90
51	71	50	76
39	23	19	15
92	94	55	32
47	99	47	51
83	47	78	81
25	29	24	45
47	77	74	50
69	39	89	60
56	20	84	61
37	53	87	80
10	37	95	33
92	30	53	19
25	39	78	66
45	67	99	82
43	79	85	64
63	41	41	46
93	14	55	26
15	89	90	41
76	94	14	25
29	94	71	93
64	56	43	47
74	56	47	38
18	29	12	53
77	73	43	97
56	97	78	29
62	22	96	91
15	90	30	24
60	86	13	53
60	55	54	99
43	81	55	91
87	58	71	31
21	66	15	36
35	91	35	82
48	67	11	37
88	31	75	56
41	13	68	89
87	71	74	95
39	58	25	63
92	62	96	70
53	78	90	60
40	79	55	91
36	82	35	57
91	67	23	16
54	51	48	90
51	66	29	23
63	70	85	95
67	40	65	40
78	26	73	89
50	39	60	66
61	68	87	72
57	34	31	94
70	45	19	10
86	86	30	67
65	52	60	82
57	82	39	17
83	57	48	95
67	11	30	23
93	26	58	92
99	24	21	27
51	82	68	59
15	89	69	86
48	41	45	61
93	50	33	21
89	69	86	39
71	80	58	17
76	82	24	49
20	69	94	95
28	70	93	70
74	50	66	96
96	93	19	54
66	29	97	23
48	51	53	66
78	57	16	41
25	76	72	45
11	87	35	38
51	30	95	53
79	39	81	33
94	80	22	57
29	49	43	85
13	57	78	85
81	24	16	93
34	75	14	35
83	26	50	32
77	18	48	84
43	70	38	48
42	40	23	33
27	42	81	64
36	92	22	20
22	88	20	15
81	34	92	86
29	70	25	49
76	49	92	27
10	57	43	90
97	19	44	20
67	30	89	43
20	97	44	12
23	11	23	50
69	55	65	71
10	75	59	77
71	67	46	53
50	19	28	74
97	31	47	85
90	44	60	58
40	36	41	62
22	86	65	71
81	56	64	63
32	94	40	25
75	21	11	73
50	42	34	15
70	83	23	78
18	60	69	31
41	72	23	89
48	88	92	79
17	64	31	95
29	46	32	79
35	59	83	76
80	75	75	29
23	38	11	11
24	56	24	43
77	56	60	19
73	26	47	99
98	43	91	13
37	35	65	60
70	41	97	52
95	34	59	37
62	58	26	95
52	14	31	11
91	20	40	75
40	43	95	69
29	98	61	31
42	96	42	21
46	15	66	35
11	37	78	19
77	95	94	76
38	35	48	61
95	26	87	24
75	36	17	37
94	83	20	88
11	52	97	86
42	27	79	21
40	46	62	74
69	59	42	53
32	64	10	58
75	12	37	80
66	20	24	57
98	65	14	76
40	70	12	57
52	47	65	80
57	91	85	77
56	71	52	61
36	18	81	77
55	59	69	62
33	65	60	96
31	79	82	79
47	83	65	51
86	63	69	57
49	35	77	41
39	61	69	78
25	79	77	11
18	77	79	18
86	18	12	57
13	39	30	21
95	39	27	69
89	31	71	23
12	10	30	84
23	20	21	19
52	96	53	28
10	68	74	88
46	20	94	46
87	43	90	45
87	87	40	40
70	66	94	48
46	72	26	25
58	81	56	36
87	75	22	82
51	67	84	55
46	29	37	93
71	77	92	48
42	19	37	76
76	87	50	39
89	79	69	39
33	22	95	39
85	60	54	68
80	47	50	86
88	13	71	77
84	38	24	14
67	97	16	44
39	36	46	40
58	60	47	95
11	46	70	53
25	72	67	87
63	14	87	73
91	45	11	65
71	27	87	52
90	11	50	23
62	96	34	52
77	35	52	63
96	18	47	63
25	57	47	11
57	29	11	11
27	32	18	69
59	53	75	19
29	98	26	78
86	38	12	13
22	98	62	37
43	72	51	71
31	17	46	14
42	27	58	75
12	24	39	66
25	94	33	49
33	16	41	71
35	95	81	68
55	33	64	84
56	59	76	25
87	63	78	15
90	58	69	19
99	13	37	61
96	23	31	82
15	68	24	89
27	15	90	99
84	58	21	65
48	27	57	76
52	94	87	72
86	24	79	39
91	54	90	40
24	62	43	28
45	64	85	12
58	48	32	76
82	53	21	10
61	55	31	67
28	67	92	29
77	56	55	42
62	43	10	25
44	26	44	20
13	90	94	67
18	75	82	24
29	63	72	28
37	35	43	29
31	74	71	73
34	10	91	27
67	58	80	54
17	76	72	34
96	86	57	74
31	99	43	48
70	24	58	53
89	92	65	23
67	76	47	90
54	50	79	33
92	49	53	81
18	50	52	27
37	17	23	91
53	99	39	95
32	49	40	27
20	91	63	40
84	62	26	95
15	28	90	65
54	62	94	99
93	17	45	50
83	10	45	13
43	38	51	66
48	83	57	61
12	49	38	85
10	73	62	34
61	12	19	87
34	87	21	93
77	99	22	75
63	77	52	92
35	90	23	95
46	46	74	44
78	14	10	56
80	98	71	91
93	52	41	42
29	51	96	87
95	31	23	23
81	60	72	65
74	58	89	87
40	69	76	78
82	12	36	75
85	53	91	16
55	72	67	98
28	41	66	60
67	19	97	26
51	26	15	15
25	84	65	73
89	31	91	68
90	51	26	84
13	98	41	83
29	49	86	54
51	79	74	44
81	84	42	19
40	60	31	49
20	75	63	58
56	32	33	31
24	86	92	35
39	23	58	19
95	77	33	80
76	76	67	55
93	42	65	31
38	68	59	89
96	89	40	94
87	70	70	91
82	23	54	23
60	56	90	70
65	34	81	33
18	45	84	36
59	93	42	18
32	14	11	62
22	76	56	13
25	23	43	98
74	94	46	93
47	40	86	68
36	60	90	34
39	87	98	10
96	27	70	13
37	27	44	86
85	92	43	15
37	84	74	45
83	30	72	94
72	51	39	31
51	51	51	49
82	47	93	27
45	12	78	17
99	79	51	71
66	56	30	42
98	21	92	85
86	79	42	18
16	67	89	59
44	57	56	54
59	61	33	29
47	50	95	59
35	16	34	56
61	70	14	16
35	31	40	14
71	89	26	45
91	41	84	91
72	51	29	65
44	65	24	96
27	69	90	68
49	16	75	69
52	88	12	96
44	11	29	18
61	32	26	89
56	84	30	14
69	76	97	58
86	96	32	12
80	65	57	37
98	83	93	90
75	66	23	62
71	37	57	66
27	20	71	35
65	72	27	57
46	38	60	61
58	33	62	42
64	26	59	70
55	21	36	46
95	93	57	29
47	34	77	61
37	65	86	56
51	73	31	54
63	46	99	85
55	79	22	44
29	78	24	90
12	89	96	98
31	70	26	47
77	60	11	94
26	39	50	77
79	39	26	31
22	57	13	12
68	82	66	77
54	75	77	35
31	56	40	46
32	71	61	21
76	21	45	79
53	19	89	92
93	87	94	88
76	86	52	16
82	99	83	31
27	68	26	40
51	63	73	12
34	83	59	96
86	94	94	79
14	29	14	84
15	17	34	96
67	83	73	82
92	87	30	86
13	64	46	21
29	34	69	49
91	83	81	86
89	37	68	36
66	88	14	34
23	49	42	68
33	81	56	59
15	73	99	64
76	54	61	76
49	75	86	56
60	49	66	79
29	48	66	94
49	11	38	24
37	92	83	28
82	48	27	20
83	64	26	21
41	44	39	41
68	23	74	29
49	18	93	41
16	63	66	93
99	44	79	11
18	83	80	24
97	30	64	52
39	24	90	60
89	47	57	25
29	51	94	92
59	68	28	60
14	18	27	14
50	59	83	30
39	53	53	21
30	36	53	82
39	94	95	86
48	37	23	59
95	47	77	68
86	74	64	25
87	18	13	96
44	85	11	92
89	63	74	98
35	75	13	67
64	35	10	75
15	94	54	20
64	80	94	49
64	32	32	71
47	80	75	76
45	41	12	14
78	55	88	88
35	38	41	54
97	99	25	59
50	83	16	40
65	36	91	29
96	52	92	46
56	54	16	73
80	44	42	45
61	74	65	30
96	37	13	90
21	87	10	71
75	50	74	10
83	59	24	89
17	31	17	33
95	85	18	68
86	19	49	29
68	20	20	81
44	70	85	19
38	47	51	99
12	55	75	63
44	47	11	28
86	26	11	62
46	95	61	25
80	53	41	60
65	73	74	82
70	34	55	30
64	80	27	28
15	90	41	38
87	96	21	43
37	60	54	97
10	14	56	11
94	95	25	10
71	78	81	83
95	36	28	68
90	99	86	39
32	95	54	20
54	99	98	71
66	79	56	53
67	37	10	45
94	60	95	59
95	60	59	19
44	35	23	27
72	42	61	32
49	60	82	67
73	92	18	54
52	47	86	69
88	31	59	35
32	83	49	51
36	24	67	87
13	49	98	76
89	76	35	92
57	62	13	73
70	71	40	36
16	81	28	64
25	34	97	78
31	38	22	65
59	21	77	17
51	81	17	27
81	35	14	14
66	37	35	23
37	11	21	20
68	25	80	51
54	41	48	81
28	43	80	97
75	59	18	24
11	37	19	33
71	12	76	27
68	40	50	83
55	51	13	32
55	91	61	39
35	13	73	89
58	82	54	49
36	31	51	56
95	42	48	85
77	57	81	40
79	42	97	82
10	45	66	87
76	59	50	65
22	55	90	19
31	20	49	67
75	44	23	60
10	24	34	66
94	51	36	86
47	63	85	65
75	89	31	67
85	12	16	70
84	57	65	28
97	81	70	75
89	39	42	65
75	45	60	81
82	40	90	56
25	47	90	78
50	41	39	41
83	34	78	99
97	70	58	80
30	54	89	44
56	71	17	13
45	43	52	13
90	35	11	90
84	82	54	34
71	37	78	76
27	82	80	90
40	80	68	11
72	74	69	62
50	87	69	25
82	21	20	41
86	94	31	79
43	20	43	24
92	16	86	88
85	98	55	66
69	50	96	99
48	41	45	95
17	52	52	89
54	92	55	66
67	32	28	17
22	71	86	88
43	79	65	96
53	46	51	72
89	89	82	77
84	15	99	47
59	13	63	93
33	95	33	77
54	27	67	38
41	29	57	67
19	15	10	58
37	19	55	30
72	70	61	31
50	16	99	19
24	89	74	81
52	89	40	95
51	14	77	32
33	53	92	89
96	96	47	68
97	29	52	70
93	67	21	90
56	85	98	12
83	61	45	10
90	85	64	82
42	72	72	65
87	17	53	18
45	19	35	98
22	44	24	88
98	79	80	81
96	26	80	21
82	47	10	62
67	22	77	28
82	30	64	16
58	12	53	64
40	90	70	81
81	37	71	28
32	83	54	82
88	48	98	73
33	98	94	37
29	84	65	47
67	44	30	73
84	21	70	10
20	28	39	16
86	54	40	16
89	88	70	76
57	81	94	95
90	25	36	16
28	18	44	49
47	86	90	30
24	97	70	71
53	97	51	86
43	29	31	72
29	66	13	83
90	31	74	76
16	59	71	98
86	93	26	16
93	91	49	86
96	40	91	89
31	68	35	95
97	46	68	37
61	39	27	33
47	42	74	35
98	55	42	96
73	72	64	42
86	43	15	94
67	26	32	67
22	40	68	66
27	66	39	71
58	18	49	74
41	71	25	29
86	92	78	73
28	13	76	50
19	39	53	29
92	75	87	27
49	80	91	18
11	57	25	93
25	12	85	34
37	96	96	17
83	97	36	47
33	39	67	60
33	95	34	93
12	61	78	59
46	84	87	19
85	72	42	62
58	23	92	43
47	50	90	12
69	80	32	91
29	15	16	10
45	95	13	82
49	79	18	26
26	94	86	98
77	72	14	22
57	37	61	29
37	42	32	64
56	66	82	12
69	66	25	36
62	77	81	35
97	90	56	39
79	94	69	57
59	15	91	26
54	71	17	79
54	76	33	85
79	25	26	54
56	36	75	44
41	82	59	41
61	46	89	30
84	72	20	97
16	88	19	51
54	41	27	12
98	21	55	79
47	36	25	21
90	71	16	18
91	41	65	19
20	66	32	51
16	98	57	28
96	93	91	60
79	59	37	92
17	11	27	24
81	85	11	17
88	73	90	72
72	77	98	96
37	94	89	27
33	50	14	26
22	62	57	70
95	25	76	28
62	24	93	28
13	94	43	71
20	21	96	70
30	21	59	35
52	56	89	57
79	71	53	21
12	10	48	71
92	47	56	38
37	50	64	62
65	86	80	26
22	33	98	80
81	52	28	99
65	97	94	54
17	76	49	43
81	37	20	90
98	19	51	19
49	68	56	29
86	15	17	33
48	64	58	81
30	33	43	51
85	77	88	70
57	99	42	42
28	45	84	17
63	16	92	35
85	88	88	65
32	29	50	95
27	27	73	77
74	89	57	68
27	38	85	58
87	60	74	65
86	55	27	21
88	11	19	58
34	63	64	13
22	28	45	43
57	39	14	34
45	54	66	82
16	60	93	72
91	27	38	91
27	51	15	67
71	71	83	43
30	48	50	29
38	54	53	76
63	12	16	46
64	43	81	79
99	18	24	65
20	41	80	34
78	30	36	75
76	22	42	70
32	72	63	82
13	43	77	55
40	98	98	25
91	47	51	11
86	67	49	51
80	34	27	32
26	99	18	93
64	32	29	39
89	30	75	97
47	61	58	34
87	85	92	13
99	13	18	72
24	93	81	51
73	70	24	70
19	30	93	71
60	42	47	89
88	13	50	44
38	26	71	40
14	56	25	96
20	58	21	44
16	26	53	86
75	48	60	70
41	86	43	48
11	23	95	69
14	23	37	87
77	95	77	28
94	41	82	82
21	47	64	71
33	51	38	57
64	15	89	30
80	26	86	14
64	67	91	42
95	61	98	69
15	96	24	76
78	79	22	89
52	84	56	86
20	24	39	42
29	33	41	97
24	14	13	44
33	48	78	69
25	48	80	30
60	12	28	82
91	76	64	75
75	38	26	69
39	90	47	77
84	93	53	81
91	39	25	11
35	10	94	49
58	71	96	69
89	41	46	85
73	63	96	62
11	52	71	55
22	10	46	58
76	24	63	40
55	18	50	25
97	37	51	71
18	27	72	58
70	68	59	62
82	93	87	32
85	86	23	82
65	42	16	15
93	40	71	54
75	40	58	64
86	91	94	13
43	39	91	22
72	51	95	97
31	46	75	12
38	35	51	67
94	15	71	28
35	82	92	29
48	94	11	41
17	49	87	16
33	65	74	67
62	90	17	99
34	95	81	64
13	19	55	31
15	45	48	20
30	90	24	98
16	97	70	34
56	62	14	82
52	29	30	19
32	72	16	76
28	64	66	28
85	22	38	46
46	22	70	87
10	75	35	59
60	31	34	84
13	72	12	43
66	76	21	91
51	78	43	93
24	71	92	75
10	39	76	66
15	90	24	64
51	86	22	26
77	94	86	59
82	80	39	93
95	21	45	65
43	53	93	43
45	86	27	68
24	62	96	91
85	67	34	83
52	35	60	36
76	14	76	13
15	23	67	90
81	17	21	41
55	53	27	47
72	74	70	34
14	44	39	15
44	19	50	76
28	74	46	33
97	84	68	48
45	60	12	21
38	85	74	36
90	10	23	69
51	68	98	59
22	42	22	38
74	10	85	23
79	49	57	55
37	20	88	43
27	31	41	89
43	41	99	38
39	82	63	83
99	74	21	18
91	70	76	88
42	55	32	35
98	67	49	74
75	89	60	36
59	93	87	17
26	94	58	39
68	91	16	61
45	71	26	99
39	75	18	44
81	32	67	87
69	50	80	49
61	69	23	90
60	33	86	38
63	78	61	62
24	74	74	22
64	84	71	61
78	37	43	98
90	58	17	13
48	23	90	80
74	72	42	15
25	96	54	32
70	91	33	13
17	48	31	60
37	23	31	53
90	78	74	69
50	52	70	79
82	16	48	26
76	10	27	88
80	72	43	29
74	93	88	11
83	11	26	94
15	74	50	91
10	76	30	58
77	85	94	68
26	88	38	27
96	59	94	60
54	68	41	12
14	70	64	61
76	11	90	76
33	51	94	74
11	49	60	99
24	70	12	89
41	25	33	93
79	15	66	52
61	77	13	14
60	28	43	45
53	35	27	90
71	91	14	12
84	64	63	44
47	47	76	60
22	49	95	45
75	77	63	23
82	71	12	29
50	43	86	80
17	52	20	35
90	64	96	33
93	10	15	83
14	55	99	72
31	50	13	47
86	44	69	15
88	23	36	53
24	29	71	32
75	76	23	22
20	35	23	81
36	26	73	58
82	56	64	99
31	37	50	49
27	75	76	30
30	97	43	78
96	75	64	87
39	66	36	35
99	51	95	81
25	32	14	48
61	87	63	66
16	84	80	55
67	77	50	16
22	76	59	50
42	32	65	10
70	10	93	66
96	84	27	37
82	38	22	83
22	82	74	45
48	34	23	55
53	94	29	28
49	69	96	63
84	69	24	24
74	33	80	70
60	55	99	56
58	19	52	34
87	97	48	25
64	92	86	26
42	39	98	51
19	55	31	34
67	45	46	75
35	28	80	17
69	12	22	52
98	68	47	15
52	94	87	28
45	92	83	43
98	67	79	88
48	33	27	81
55	65	18	76
63	45	93	43
55	58	47	10
68	90	47	18
31	33	13	17
63	27	64	53
88	42	86	14
79	14	55	99
34	82	20	30
39	57	24	12
20	25	70	50
97	52	28	62
17	94	31	70
38	12	17	35
79	24	12	11
68	26	19	19
35	96	13	97
45	28	56	82
34	82	55	28
99	35	14	41
45	44	82	76
73	47	78	59
94	56	65	23
32	48	96	91
77	24	47	27
23	17	15	91
74	52	85	99
52	25	72	76
34	58	60	47
64	20	59	64
82	64	90	34
81	11	39	93
41	95	46	17
16	13	14	11
41	95	42	33
44	71	25	41
58	28	18	51
99	21	51	33
61	49	41	65
35	91	88	93
49	42	44	57
76	61	73	78
78	69	50	86
49	54	54	24
31	75	75	37
81	21	52	43
91	42	26	36
94	72	57	63
74	56	83	61
20	70	95	76
62	13	76	69
91	63	67	52
47	49	40	60
83	83	43	71
66	18	15	65
84	85	94	51
80	74	24	64
78	65	65	95
97	67	19	97
41	93	97	62
49	37	93	72
50	18	31	13
15	98	20	46
17	37	56	70
20	72	86	43
52	23	85	70
93	74	44	67
83	34	17	72
96	81	87	74
58	17	22	89
47	92	18	38
71	34	51	70
30	51	70	38
87	73	14	92
63	81	35	29
20	27	20	51
64	83	13	31
35	18	70	96
98	91	98	28
56	83	62	58
23	10	39	28
53	59	74	71
77	35	70	52
80	80	58	72
74	74	60	27
40	83	39	70
85	62	55	14
15	78	13	58
67	70	83	61
31	60	13	63
55	50	84	24
61	61	16	54
32	48	48	12
95	41	99	46
80	47	35	76
34	48	36	43
34	21	55	34
43	55	70	32
62	56	81	67
94	52	25	82
61	49	12	45
18	74	53	29
52	98	29	15
82	78	57	89
24	63	86	44
87	87	87	58
98	56	17	82
60	47	91	64
44	66	77	50
70	42	21	30
65	71	89	12
68	62	26	44
51	42	47	47
42	74	91	18
60	33	32	36
32	39	51	66
24	48	15	30
52	58	58	11
97	10	84	22
26	30	11	49
99	56	38	97
92	55	19	64
29	76	78	95
27	57	38	39
57	34	87	39
89	75	41	13
34	26	58	70
50	98	63	60
28	27	23	73
14	21	67	94
23	64	13	30
34	81	39	44
46	74	48	34
94	48	87	74
55	60	18	61
88	68	90	48
13	85	26	79
55	42	23	11
10	21	75	54
39	56	82	20
13	11	65	77
96	46	14	66
94	12	93	72
15	92	94	56
57	26	15	64
93	18	88	21
29	49	83	99
51	37	70	88
25	11	24	30
33	90	43	33
21	42	48	92
36	34	40	85
81	14	62	43
75	85	86	90
50	84	23	42
75	72	11	23
63	78	62	53
78	85	23	51
74	34	68	16
30	86	59	63
94	13	72	10
92	14	20	94
49	59	24	40
16	36	50	70
41	52	95	91
11	92	63	25
48	48	22	26
59	18	47	64
63	70	69	98
69	86	59	10
77	37	41	75
70	25	69	33
18	53	94	71
57	23	76	52
60	40	85	76
46	35	80	62
58	52	45	30
39	38	53	66
18	43	36	14
85	16	96	92
43	68	54	56
88	95	60	98
90	71	11	37
65	52	49	80
15	45	28	79
24	12	13	44
94	34	70	14
47	68	72	88
53	62	24	52
82	40	68	23
85	23	80	70
77	57	28	61
66	86	60	29
48	72	24	38
28	40	57	33
99	19	57	35
80	14	19	48
27	73	59	19
22	94	13	15
14	13	43	18
66	79	80	69
77	77	52	47
73	89	55	53
55	36	91	78
81	12	67	31
56	58	66	41
50	49	49	96
14	55	62	46
96	22	72	78
84	68	14	22
35	30	74	32
11	72	70	35
84	36	91	81
78	49	63	96
45	15	75	61
50	62	83	42
82	82	65	45
86	50	13	76
40	40	16	29
62	32	31	42
17	70	93	60
90	14	59	24
85	34	18	41
64	72	17	18
42	65	73	63
23	12	48	39
30	54	19	82
15	29	44	19
52	74	37	32
53	59	73	29
56	72	34	68
20	65	64	57
90	56	32	66
94	82	17	50
71	28	96	57
56	69	39	97
42	50	11	35
52	54	30	63
48	30	88	91
54	95	76	12
71	55	67	74
78	68	40	60
61	63	25	99
11	58	99	51
59	41	28	50
21	11	83	15
19	46	31	96
80	39	60	61
30	94	89	14
58	47	46	58
20	47	11	26
18	45	97	96
62	69	72	89
34	88	80	86
24	39	20	20
47	31	51	94
57	92	44	27
33	80	42	57
25	19	89	35
93	20	51	74
55	69	31	37
92	49	55	64
50	98	33	92
45	75	87	42
63	45	84	27
25	93	33	79
51	24	29	49
77	21	48	29
29	99	11	55
91	26	37	93
82	77	53	55
22	59	31	61
21	30	26	32
92	32	56	57
49	75	63	44
64	50	83	17
80	47	55	73
39	92	82	77
49	79	38	10
79	76	14	81
53	19	95	63
43	79	11	21
14	32	12	95
20	34	54	53
71	81	53	35
70	48	74	32
86	36	66	26
57	14	61	50
82	71	87	17
70	61	89	57
17	33	79	75
19	23	40	84
32	76	18	99
21	21	93	50
83	61	19	21
41	96	86	70
96	94	73	37
93	29	75	69
21	53	29	80
63	87	41	30
28	66	14	55
41	30	52	96
49	88	76	86
84	77	75	40
50	35	53	57
97	23	20	15
57	71	61	61
55	35	89	19
87	20	39	53
50	83	69	40
46	15	19	45
63	77	36	23
39	45	11	98
55	23	90	47
21	78	77	91
80	41	95	59
97	83	39	47
14	71	94	45
49	79	12	14
77	82	23	44
76	93	20	25
85	60	78	11
62	35	94	62
42	81	43	74
31	27	29	57
38	81	61	71
62	20	42	88
94	75	24	21
40	65	90	22
25	81	86	89
85	73	21	27
46	65	19	16
31	44	55	94
49	67	25	38
78	65	79	88
32	56	18	50
89	28	48	73
68	24	58	42
83	95	88	37
63	10	15	17
78	86	47	63
25	25	98	19
14	45	82	55
79	99	72	11
46	36	28	56
12	73	27	37
21	50	86	61
65	84	98	45
54	43	63	71
96	69	82	17
77	52	65	84
62	16	36	45
29	21	37	10
62	54	73	90
78	48	62	73
28	64	88	57
93	51	41	61
45	21	82	24
61	11	69	44
47	27	70	58
32	69	80	56
36	31	96	80
22	35	58	48
66	67	66	83
25	54	44	54
67	20	77	97
60	28	21	63
54	25	88	68
83	79	35	15
69	58	80	78
20	95	24	12
38	39	30	78
35	36	28	96
12	17	58	40
20	12	19	20
88	13	48	60
73	53	36	82
37	29	69	63
47	53	74	26
68	32	94	71
51	92	16	56
75	82	39	76
33	45	84	90
87	35	94	48
43	94	46	15
91	42	41	94
37	68	50	12
77	57	97	84
59	14	13	29
60	20	48	33
99	14	43	47
36	13	42	45
67	41	61	52
52	18	37	27
35	79	98	55
32	73	52	22
60	11	91	34
15	46	47	32
82	41	88	30
21	10	28	56
67	71	11	81
50	18	79	52
24	91	14	83
67	79	92	31
12	46	94	72
87	42	56	60
37	72	85	79
74	77	78	31
37	17	18	91
53	37	48	57
81	42	11	60
38	38	30	58
82	14	82	46
93	52	52	50
17	18	16	62
38	90	95	45
39	90	50	22
58	30	96	94
24	32	79	51
23	97	93	59
11	87	94	45
34	31	55	85
72	83	59	36
22	97	94	40
98	43	68	14
71	69	19	12
33	25	94	68
61	70	37	61
23	89	56	15
32	53	70	48
16	27	50	20
25	40	94	46
99	97	69	98
66	50	86	60
93	89	25	52
85	91	89	49
95	13	46	62
13	29	82	58
35	56	95	51
65	36	69	87
54	46	30	61
70	70	70	10
59	12	42	79
89	49	92	46
46	99	54	75
62	92	67	37
68	96	20	55
86	91	41	10
33	40	31	80
98	30	32	74
87	51	11	50
27	10	60	58
63	19	25	27
84	92	32	48
42	53	58	97
76	91	25	20
52	17	13	54
96	78	11	36
62	67	59	63
86	68	75	80
94	28	40	41
49	75	43	92
90	22	97	11
84	48	34	98
23	57	86	42
43	47	51	56
38	84	56	87
55	71	45	28
78	79	37	94
66	70	67	18
64	90	47	75
47	35	59	99
50	40	97	60
19	77	81	35
16	82	96	81
39	19	62	29
43	32	52	69
34	21	51	10
14	76	64	28
50	57	25	37
81	69	72	22
26	87	38	41
46	40	25	63
91	96	66	12
92	91	18	64
87	45	28	72
57	23	22	50
82	42	48	59
80	52	39	12
78	79	77	69
10	54	69	72
51	43	43	44
75	84	75	28
98	11	62	40
35	85	13	57
40	79	66	25
73	90	44	85
31	34	70	63
71	73	87	40
58	79	87	54
90	76	85	27
29	67	17	63
56	94	84	82
61	41	48	64
22	98	55	59
91	30	73	79
46	39	68	73
53	65	99	70
76	68	16	74
22	35	31	68
48	55	31	77
35	20	66	23
31	78	13	18
35	95	48	19
58	19	28	83
22	80	61	66
76	29	70	75
30	45	34	68
70	78	25	91
95	57	96	73
69	31	49	11
73	82	37	22
62	26	55	90
24	21	73	82
96	46	20	85
68	27	15	53
72	71	42	59
53	39	28	80
40	64	29	89
12	69	32	66
87	47	31	63
87	46	60	66
41	41	30	72
86	82	37	49
78	19	81	32
33	18	94	39
22	90	56	57
32	99	68	10
16	35	98	15
34	77	84	40
92	45	62	77
23	38	93	59
35	98	53	13
72	55	71	41
36	86	97	41
69	86	41	33
87	56	17	34
82	66	11	10
59	95	84	81
85	72	37	71
53	42	86	41
47	80	35	93
13	16	21	31
76	59	32	61
26	99	48	24
97	61	14	45
54	22	34	56
25	95	47	29
35	39	27	59
94	26	11	35
78	23	63	78
87	26	72	60
98	73	38	21
23	15	49	70
25	11	33	50
53	97	82	26
39	24	72	73
30	59	82	53
84	37	37	79
16	79	52	35
66	39	74	84
66	42	78	14
25	68	78	10
64	44	31	35
55	41	75	90
87	11	27	94
15	19	86	69
70	61	65	24
46	50	91	90
49	24	70	56
28	71	58	44
13	27	73	70
40	35	24	46
61	44	43	62
73	70	32	56
86	16	61	90
20	25	62	66
54	12	97	79
28	45	58	83
58	59	74	53
76	30	77	54
14	38	29	88
30	59	40	20
92	13	83	91
56	56	11	24
92	59	43	79
52	17	32	47
80	40	88	96
90	44	36	79
55	11	64	70
59	61	33	38
71	77	53	44
29	70	78	38
18	59	54	14
89	17	71	34
90	63	85	99
51	80	58	16
86	53	89	44
17	41	77	29
60	95	76	64
82	20	77	28
74	76	83	23
87	70	34	30
89	73	42	71
83	67	65	53
14	32	46	80
38	71	50	43
62	94	53	70
41	29	75	15
48	41	15	59
49	22	80	65
37	61	37	56
83	29	49	43
44	94	85	49
15	80	81	19
29	74	65	31
75	32	84	52
78	75	52	14
58	65	97	47
99	44	96	80
18	63	45	48
32	58	32	26
55	63	35	81
16	91	25	13
37	69	14	55
93	84	40	99
71	85	60	58
87	23	80	81
55	94	41	69
63	58	41	26
94	40	96	88
18	52	78	79
12	38	41	43
45	19	80	42
43	87	48	26
90	50	74	40
42	38	86	18
71	28	47	35
38	32	48	68
19	62	37	26
12	27	34	37
33	20	94	17
56	58	41	34
21	34	55	71
30	50	12	32
56	90	80	99
93	28	24	89
96	82	52	80
67	10	40	83
47	42	65	35
13	62	42	99
72	84	17	89
84	24	56	94
71	41	55	76
71	71	29	23
74	78	55	57
16	62	46	35
69	80	70	29
11	78	65	96
58	54	65	92
54	12	22	24
95	50	68	29
10	79	52	10
12	93	23	48
35	96	85	57
72	99	35	70
10	83	12	98
61	74	63	20
69	44	96	65
83	24	97	65
36	44	59	10
91	18	70	17
11	88	92	20
19	33	38	29
70	28	46	38
89	78	90	92
56	62	16	67
11	95	17	34
45	53	44	78
82	68	44	24
43	36	96	87
10	15	12	52
76	26	14	85
47	58	18	24
46	66	47	62
99	22	25	12
66	60	26	33
90	29	73	37
86	61	14	17
24	53	42	44
91	19	28	96
99	11	34	51
82	31	88	36
46	90	67	86
44	47	41	22
81	71	33	38
55	50	67	45
44	50	28	38
16	34	88	93
41	46	82	80
60	65	88	92
76	64	95	13
26	50	67	85
44	95	93	95
46	54	99	14
45	64	72	60
58	79	53	86
85	69	58	35
50	95	66	77
64	20	19	81
31	83	73	22
89	73	63	50
93	34	12	30
29	72	74	46
85	19	68	98
38	35	37	97
39	99	79	41
25	59	82	45
89	15	20	95
14	99	34	93
75	90	76	11
11	98	35	59
63	42	44	80
63	67	60	83
42	66	16	53
68	68	84	16
15	74	66	33
87	95	57	62
19	27	96	41
58	73	95	60
14	18	36	23
72	63	91	53
17	77	13	35
86	25	26	61
85	58	66	11
56	91	54	53
87	76	62	72
51	63	71	11
61	47	15	31
87	94	82	32
81	73	88	13
11	70	27	27
35	87	18	35
56	86	51	71
78	55	70	60
86	21	28	76
89	19	55	79
40	79	12	66
22	53	33	91
41	49	82	90
63	68	31	90
37	12	11	71
32	87	32	55
19	20	44	76
55	99	57	64
89	25	67	61
51	12	13	58
87	24	27	91
31	79	91	29
26	57	73	35
59	10	90	69
91	65	58	62
25	37	67	72
88	80	49	49
51	39	15	67
45	12	67	51
45	66	69	44
58	16	82	65
16	56	95	88
15	36	20	30
74	73	25	49
83	43	34	45
87	98	38	85
62	15	38	53
59	78	53	73
60	72	45	22
77	30	80	60
74	72	66	57
50	41	80	54
70	86	59	69
73	88	67	60
22	72	75	85
47	62	27	92
74	34	87	39
21	84	89	78
93	40	73	71
13	81	29	72
56	82	40	99
68	41	57	40
38	91	56	57
91	98	11	74
70	63	99	82
29	30	35	59
56	48	84	66
26	92	45	82
20	19	12	84
27	46	66	59
45	57	13	70
93	40	44	42
18	30	49	28
74	41	60	90
80	94	58	78
29	69	19	30
83	47	11	90
17	89	25	75
97	18	51	81
82	70	19	87
71	94	96	34
27	78	76	76
96	88	66	14
40	71	38	88
81	81	76	84
71	24	16	53
83	67	47	10
45	68	79	90
26	68	94	38
36	29	16	56
34	79	23	21
61	24	38	22
91	80	40	71
25	80	69	30
96	84	96	29
65	41	68	27
25	23	28	79
45	46	86	65
22	38	76	69
56	71	53	30
63	17	75	60
68	26	91	97
94	63	26	53
77	14	69	94
71	28	33	57
30	13	93	63
94	37	67	66
42	48	53	91
53	14	60	69
77	32	69	97
44	83	40	46
86	52	34	46
74	77	43	71
84	11	38	85
58	62	56	17
82	46	46	48
53	45	94	61
61	98	77	45
33	24	41	63
70	67	78	93
47	15	52	29
96	53	44	58
79	17	75	85
66	11	56	13
28	75	19	56
57	25	97	23
20	45	47	88
60	97	71	92
70	55	36	62
73	54	64	68
28	57	80	96
94	53	18	69
86	44	90	67
38	78	66	85
72	89	71	97
41	87	68	16
15	52	29	53
95	96	46	71
99	83	89	13
54	80	72	54
94	61	30	70
65	29	83	95
87	28	19	53
59	12	11	58
41	12	84	20
24	76	27	69
41	56	69	50
97	96	80	73
54	90	62	53
91	66	48	63
10	78	45	68
36	55	57	48
23	69	15	69
57	97	27	32
75	86	70	63
45	29	33	72
51	89	56	78
35	58	83	22
97	82	49	23
91	20	65	54
19	60	68	64
92	89	38	46
43	25	57	77
49	25	21	91
64	54	52	48
68	55	30	79
45	30	59	92
35	46	30	47
42	50	16	32
65	13	44	45
47	73	43	26
21	20	96	38
76	94	74	48
31	87	79	26
32	68	76	39
56	91	71	42
88	76	73	23
17	65	30	54
82	87	41	15
69	57	39	98
35	76	74	52
86	75	94	55
33	74	48	25
25	85	14	91
28	13	76	31
85	73	75	72
30	12	87	86
35	42	29	21
78	94	65	83
86	13	50	81
19	83	84	66
52	65	17	38
18	58	83	71
48	15	55	18
29	36	46	79
33	90	68	38
42	93	84	45
62	21	43	58
29	40	91	31
80	22	84	96
72	92	51	44
39	85	53	27
37	54	57	13
81	96	56	95
57	52	80	77
98	63	15	47
53	39	95	71
68	34	41	84
38	28	22	85
68	33	97	26
93	41	20	21
65	99	93	97
56	72	17	58
25	47	93	98
47	35	53	64
80	46	42	77
68	10	28	89
71	23	50	88
82	12	76	72
18	79	58	28
97	49	52	82
40	64	21	19
36	55	80	17
90	74	43	97
76	69	44	91
57	81	19	45
14	81	45	32
48	10	60	89
18	33	40	71
87	80	38	84
12	64	18	79
73	57	91	57
22	20	12	37
80	25	50	77
30	30	54	64
95	76	90	99
71	69	91	93
82	85	95	95
59	60	75	93
98	39	68	70
56	22	76	28
46	28	86	36
42	41	63	77
86	52	26	76
74	43	51	94
18	60	64	18
50	59	85	50
94	67	28	37
35	94	95	68
91	36	86	62
54	50	23	27
65	68	28	89
90	34	38	49
59	20	44	65
86	82	10	11
86	57	55	97
50	15	80	45
15	31	83	71
92	95	71	27
47	83	20	26
28	74	92	85
77	85	17	19
57	21	39	71
63	15	71	63
22	24	91	12
51	58	35	61
84	64	71	74
98	44	51	88
53	52	25	75
91	93	85	65
62	69	50	97
64	41	18	47
13	80	54	59
84	60	39	32
30	79	10	21
22	79	32	13
75	31	64	99
67	58	40	92
65	94	53	18
32	20	31	61
72	87	40	23
36	67	45	67
33	79	36	94
85	38	85	78
59	17	32	64
27	75	96	33
14	88	17	11
72	45	35	80
78	31	36	64
17	96	35	39
23	74	41	38
87	56	46	33
15	69	69	17
29	70	74	98
67	56	73	89
46	90	45	11
31	24	19	35
39	17	69	31
77	71	20	65
93	95	92	90
60	92	56	60
61	19	90	67
39	55	96	43
44	56	36	77
44	74	99	81
77	32	93	88
55	81	80	24
70	44	99	97
50	26	74	61
80	34	27	67
96	58	24	35
66	82	95	35
29	41	43	50
52	98	60	33
63	58	21	59
79	13	80	60
90	32	85	92
38	68	50	12
97	38	56	58
74	81	52	54
23	59	95	34
93	25	62	69
23	53	69	92
72	65	43	67
63	15	53	45
93	83	70	85
25	63	27	61
11	28	45	59
77	61	97	20
31	47	85	19
24	52	44	12
31	54	39	37
50	15	21	14
20	82	61	87
32	31	53	55
84	37	62	21
11	45	26	43
62	27	13	28
52	26	36	56
42	81	95	73
55	27	18	24
47	12	45	56
23	98	96	22
56	17	47	65
77	98	75	88
28	10	66	70
80	94	76	17
71	24	14	43
13	28	16	28
65	34	23	20
41	56	52	24
72	11	22	69
86	45	48	15
49	95	41	21
41	39	50	77
55	63	72	53
79	52	19	58
73	49	46	92
96	43	11	69
35	29	27	55
49	75	79	35
50	68	41	57
41	89	19	57
35	89	86	22
72	21	24	91
11	94	51	41
49	38	10	26
26	32	83	14
13	47	21	46
66	57	49	44
37	17	30	15
14	93	72	57
37	37	12	89
55	67	54	41
26	50	83	72
37	90	56	39
18	20	59	23
86	60	16	39
27	83	57	15
94	76	44	17
18	36	23	15
83	45	59	86
80	84	69	68
39	94	17	70
39	67	37	46
22	38	97	58
25	41	79	28
34	37	62	85
35	16	49	21
74	73	65	21
19	76	15	80
95	60	75	89
92	39	73	65
40	75	94	23
26	40	21	86
57	56	62	92
82	41	36	26
69	82	33	51
32	55	14	72
12	26	41	32
30	45	17	49
34	95	17	94
67	51	88	18
54	92	66	67
34	77	45	38
25	45	49	70
22	25	77	38
28	56	24	84
85	79	97	56
65	50	77	85
84	43	72	15
10	50	66	46
83	13	83	15
29	12	88	73
46	81	34	38
72	14	13	85
37	83	31	51
57	70	57	96
98	53	20	54
53	64	22	80
81	94	92	29
43	33	12	91
33	19	22	70
71	35	68	50
92	96	10	84
95	50	48	53
59	81	42	65
33	63	83	10
58	88	34	22
89	84	33	34
23	10	44	77
81	34	43	19
37	56	42	46
83	77	70	78
85	82	29	67
81	13	49	87
90	99	21	94
27	80	28	29
33	48	68	35
32	82	53	57
62	39	83	92
73	72	67	22
82	58	96	36
50	93	38	85
17	38	96	44
10	27	25	90
49	90	93	16
48	52	16	29
13	89	58	74
51	57	21	74
15	13	21	16
99	75	56	20
69	83	65	30
95	35	80	10
91	49	79	69
99	10	77	74
43	86	23	20
48	19	88	13
50	57	40	96
45	63	98	27
38	27	92	87
40	24	90	39
45	78	24	66
83	62	45	58
47	27	85	27
71	92	62	63
10	81	42	16
58	72	69	86
15	27	46	72
78	96	71	51
70	20	64	84
87	12	92	32
36	93	26	51
45	26	17	23
45	23	32	79
21	88	75	41
75	26	40	74
46	38	59	82
76	39	40	40
38	30	42	37
87	35	47	17
92	96	33	72
37	92	95	54
28	64	77	81
68	83	35	88
19	16	35	39
38	30	12	37
15	46	60	45
99	93	33	62
14	89	57	12
98	79	40	41
48	37	75	98
10	20	15	20
35	68	40	79
23	78	44	12
37	55	10	88
77	82	89	94
31	13	25	13
74	39	95	37
67	37	93	87
99	32	16	52
45	12	58	71
30	31	81	43
63	94	44	98
80	72	10	40
30	29	71	58
78	70	49	96
60	22	96	58
92	29	81	71
73	40	34	71
13	77	56	15
62	22	98	80
56	99	46	84
23	68	96	44
71	28	24	81
70	41	71	95
56	81	71	48
60	28	51	49
69	93	43	14
34	46	68	31
88	68	63	76
88	30	55	37
37	60	18	62
76	13	61	44
89	10	59	66
66	42	31	63
60	54	42	59
64	59	26	46
15	57	46	59
14	69	14	14
31	20	89	35
62	21	73	22
20	50	68	48
72	62	29	47
43	38	43	64
55	72	18	38
15	49	40	77
45	17	40	14
37	54	63	39
87	42	20	16
17	73	25	90
45	86	23	62
35	64	89	88
41	62	67	85
24	42	75	73
86	55	41	54
68	64	67	54
72	64	39	58
98	62	36	25
28	41	96	17
34	78	64	97
84	97	54	65
87	35	94	60
35	69	22	62
16	17	20	37
61	61	56	59
45	25	73	99
81	34	21	79
47	58	23	23
43	59	61	60
50	41	22	14
99	47	85	81
22	85	66	80
20	15	24	50
35	97	34	49
17	16	99	42
15	10	31	85
91	46	93	95
38	80	97	84
41	72	72	68
97	81	40	49
81	64	35	68
42	11	65	37
49	79	49	47
54	58	10	25
56	99	86	79
68	69	56	89
17	94	15	17
24	31	65	19
82	52	18	67
48	85	22	22
90	67	65	32
33	96	29	34
48	92	22	72
73	21	73	49
28	77	89	85
79	16	39	73
91	32	32	61
69	40	42	81
85	68	88	88
38	23	36	74
77	22	59	10
38	86	69	99
65	60	46	39
96	28	52	34
44	56	24	31
29	24	47	86
53	13	31	65
67	63	63	85
65	93	20	15
79	30	65	17
57	38	24	20
10	93	86	62
64	17	50	98
46	58	71	45
66	90	46	56
73	75	13	67
54	35	63	61
35	41	23	91
37	75	46	73
99	28	61	64
65	17	11	78
54	32	99	69
74	18	13	25
70	87	97	61
37	66	79	23
23	42	19	83
23	36	48	50
61	69	85	17
98	93	35	69
89	33	87	48
24	75	13	94
69	64	51	73
13	99	86	32
11	94	81	85
78	29	50	15
52	33	90	11
36	69	61	40
52	55	72	23
23	35	57	53
24	63	48	19
30	29	50	69
93	19	84	75
64	82	87	76
62	11	34	62
16	13	70	13
71	19	53	59
25	48	61	64
85	17	24	77
96	81	58	75
65	79	30	49
59	30	87	26
56	56	60	23
17	56	48	76
29	66	33	11
89	43	77	65
91	56	94	81
96	50	54	64
86	68	39	16
52	71	89	72
30	48	12	63
84	54	38	27
51	86	24	90
94	85	80	12
13	84	88	34
98	42	41	34
21	10	93	51
73	44	39	75
11	13	38	47
87	13	29	46
11	82	50	22
33	62	11	51
13	25	50	86
51	63	13	78
81	36	29	93
99	49	93	35
65	78	82	46
28	62	24	53
87	44	34	17
67	43	58	70
26	59	57	16
55	23	93	65
40	99	22	65
23	15	28	92
75	69	75	85
61	74	25	77
73	72	32	92
18	57	44	60
63	84	99	94
63	11	15	30
31	86	93	38
47	73	87	53
86	48	57	80
75	43	15	25
77	68	65	26
90	11	73	37
21	44	24	95
60	66	16	13
65	76	18	40
21	21	18	77
56	86	39	63
97	52	11	43
14	67	79	73
45	91	49	92
46	97	48	66
11	95	66	96
53	51	98	58
76	54	73	81
11	92	80	19
73	39	31	48
15	55	44	24
51	34	69	81
20	35	43	74
92	13	13	94
57	23	70	64
67	95	65	30
40	76	66	71
45	37	19	33
57	46	35	32
40	64	34	11
88	62	28	55
25	53	87	52
13	67	33	89
77	92	32	44
36	58	57	55
94	62	82	73
28	19	66	97
74	89	82	53
57	67	81	45
75	34	84	97
34	38	24	28
76	58	46	42
81	49	86	97
74	42	62	29
64	85	43	38
41	43	34	24
25	96	93	17
83	52	42	72
44	14	17	65
74	71	10	65
81	64	29	38
79	54	82	84
34	32	82	31
98	71	60	87
95	57	52	32
90	65	93	33
54	52	55	17
43	24	44	97
71	78	19	24
54	33	37	63
56	70	35	41
63	79	41	98
16	62	68	25
85	47	14	77
44	46	41	40
44	26	11	68
95	84	11	46
35	82	30	91
21	56	99	90
17	38	37	14
64	33	46	29
10	44	48	97
38	88	47	13
10	40	28	49
68	78	49	20
43	72	41	65
43	93	13	98
50	82	24	86
30	95	54	77
74	31	88	58
78	72	91	80
66	67	88	71
89	88	52	25
56	68	81	41
95	62	23	49
73	97	52	22
89	83	90	84
97	55	93	68
29	93	24	42
27	48	44	41
55	61	42	83
80	20	54	69
64	17	86	19
77	62	72	91
11	11	55	63
53	30	31	33
49	78	58	15
64	86	74	35
96	23	24	80
86	59	11	84
37	26	27	59
40	31	32	24
28	20	45	52
16	92	40	80
80	12	77	64
99	90	61	68
30	79	40	33
55	14	90	90
16	93	78	67
34	98	66	20
82	17	47	64
28	44	29	38
17	31	42	88
49	39	16	36
61	38	46	53
23	58	50	12
66	54	72	67
79	87	25	32
42	17	22	63
97	82	62	84
45	68	39	81
23	15	68	22
90	67	95	83
53	96	86	86
48	23	71	15
53	52	63	72
28	79	59	74
39	95	41	26
48	75	25	53
76	33	15	21
42	40	27	54
61	47	70	38
31	93	89	53
35	80	80	69
59	78	87	19
84	30	58	68
28	66	61	54
24	28	27	15
12	66	95	75
53	33	91	13
55	87	75	89
78	94	16	58
57	12	20	62
80	85	77	98
60	13	50	94
50	15	15	96
40	62	49	32
97	39	48	11
23	80	13	36
82	64	97	76
97	97	26	14
67	22	87	43
77	51	87	88
13	70	56	59
84	54	39	43
10	58	41	75
91	26	98	51
38	59	62	76
38	20	54	49
23	76	47	35
33	91	19	75
93	11	67	45
26	45	31	36
74	23	49	51
73	30	52	54
89	63	64	87
71	65	43	47
66	41	93	48
20	17	73	59
55	34	58	70
97	61	42	11
96	87	19	70
41	87	33	93
22	25	23	33
85	40	88	93
15	26	58	59
92	85	72	68
57	23	77	22
29	87	68	17
22	47	71	97
28	99	39	80
33	28	36	48
22	11	74	80
93	82	44	73
92	63	92	14
72	74	17	92
48	91	87	19
74	95	32	20
33	70	29	58
84	57	56	49
17	76	11	16
89	90	52	30
49	75	68	97
60	25	16	74
85	42	43	35
54	20	99	82
35	40	36	97
69	67	64	19
10	99	72	39
74	37	89	35
22	62	40	74
33	61	58	81
15	68	88	78
70	92	81	81
33	32	20	58
42	19	74	34
64	96	85	26
27	92	89	17
83	11	43	26
49	32	49	57
39	89	22	58
85	91	89	34
66	67	13	50
13	20	34	38
61	31	55	17
90	43	16	93
44	16	11	38
94	84	24	68
24	51	70	90
35	69	50	52
29	39	11	46
68	19	43	97
46	23	22	80
20	92	16	87
89	54	31	78
17	83	47	19
47	36	78	15
62	21	75	78
30	32	28	58
74	43	85	32
35	65	99	61
70	63	53	51
56	85	59	71
10	31	31	26
59	63	89	33
83	49	85	92
96	40	18	26
34	86	39	50
59	25	46	33
21	17	97	52
68	87	23	34
97	38	47	49
47	12	25	51
97	66	64	30
50	17	35	68
93	90	58	86
28	11	41	81
77	29	91	36
81	50	75	79
53	33	23	69
21	52	26	96
27	94	42	55
51	15	37	97
24	51	56	13
39	68	65	63
38	12	17	90
98	81	33	20
51	90	19	10
10	13	24	41
42	37	42	21
50	99	76	86
70	57	68	71
55	26	23	77
57	12	28	48
40	61	81	54
80	10	71	41
39	85	23	58
32	67	63	82
67	75	17	77
92	66	33	46
18	47	57	31
96	99	47	59
52	76	62	44
73	84	24	46
90	32	41	62
84	60	93	40
51	34	71	35
29	26	86	50
85	69	71	33
89	64	31	38
30	45	86	56
29	90	97	29
76	63	78	77
89	61	80	57
41	97	81	79
12	82	36	22
72	97	29	64
84	87	86	44
80	73	80	65
15	95	20	91
36	31	95	21
57	81	71	92
66	38	31	93
42	39	98	17
25	70	60	25
60	76	52	70
90	19	16	87
50	76	82	17
93	91	58	19
48	74	99	17
94	55	18	66
71	98	57	55
97	92	27	80
38	82	67	82
17	23	89	19
16	71	86	85
53	20	23	82
52	32	15	97
27	76	99	97
63	16	52	60
53	95	98	50
13	85	89	18
86	95	76	30
80	78	46	22
20	76	49	77
61	80	13	78
57	92	91	69
66	68	51	91
86	13	51	75
34	42	40	92
27	93	65	30
56	93	60	80
32	97	75	18
69	41	29	56
87	14	89	61
54	77	46	46
59	11	58	46
80	21	89	36
33	80	68	71
33	95	74	28
71	48	14	93
64	57	70	65
28	58	74	47
27	74	75	57
67	43	54	38
80	22	72	62
56	70	29	55
22	22	27	78
55	24	45	50
10	22	62	10
13	92	74	78
85	63	64	62
56	38	48	17
62	13	84	56
33	30	88	17
31	91	80	46
42	88	64	65
73	29	52	11
92	48	29	53
74	27	45	91
24	96	58	98
69	82	20	80
65	88	26	66
48	40	87	52
26	97	76	74
78	68	24	41
37	81	44	10
85	86	68	99
13	84	13	49
67	20	10	78
99	91	57	18
94	74	50	81
87	31	94	35
45	66	45	21
37	59	59	31
23	41	79	24
18	46	47	49
22	98	59	37
21	14	53	75
65	30	81	55
35	38	53	64
25	21	98	47
75	94	47	37
35	70	28	48
18	16	85	63
68	13	71	81
77	11	19	15
91	31	71	88
26	41	19	64
14	93	34	30
75	53	69	26
75	78	33	64
78	68	23	77
28	35	37	91
83	51	71	12
62	54	35	47
41	12	40	62
24	84	38	60
89	26	11	93
52	21	95	58
68	18	96	50
72	86	91	71
76	28	49	50
22	79	12	68
13	36	54	74
68	77	76	77
90	17	31	44
90	55	26	47
57	39	72	95
87	24	39	93
90	92	40	29
11	87	49	18
11	79	69	50
52	62	18	13
64	59	30	72
58	10	69	90
75	49	95	52
17	24	92	72
89	97	63	43
19	36	32	18
18	59	32	19
40	35	97	97
86	72	72	53
85	50	24	29
12	85	48	51
37	86	59	68
43	19	62	32
53	73	20	35
10	91	75	69
18	58	84	56
50	32	38	42
31	74	40	51
14	42	40	34
73	58	85	90
18	23	94	49
97	74	54	38
47	98	49	17
33	68	77	53
95	31	73	79
83	14	65	61
15	92	22	60
55	80	51	68
70	97	76	49
71	29	45	20
50	87	26	48
26	73	23	96
56	18	71	89
15	12	20	55
20	12	97	27
98	24	42	11
46	28	84	74
83	86	16	76
82	26	74	80
35	22	19	21
70	99	79	61
15	92	61	45
83	73	27	90
82	56	11	57
66	71	69	22
42	63	79	11
15	26	51	31
78	88	24	63
71	31	70	78
63	20	76	34
88	72	96	38
94	67	84	23
35	47	94	26
68	37	60	96
52	78	51	77
94	24	94	60
66	27	60	64
15	30	98	12
19	39	23	67
51	24	60	65
25	92	37	56
30	69	88	88
40	52	35	36
68	70	55	32
55	94	29	47
47	87	17	46
81	88	62	19
47	30	89	25
84	47	39	13
98	67	60	93
44	60	27	63
73	23	30	39
70	60	12	58
75	93	36	74
37	35	45	85
67	47	95	24
72	11	52	56
27	53	89	85
22	55	11	75
75	53	68	96
99	49	66	63
49	29	27	75
49	76	69	75
27	87	97	56
97	66	45	29
86	27	79	49
57	94	54	81
26	60	75	43
35	91	54	91
60	22	34	52
46	12	53	67
11	66	45	75
54	72	33	92
29	51	44	61
29	12	44	66
32	31	28	30
98	58	22	82
74	25	24	58
50	13	43	60
70	48	40	97
30	47	12	67
61	79	15	27
61	95	94	95
19	34	35	58
64	54	52	81
43	38	36	19
13	48	92	83
12	97	61	97
24	63	10	39
24	82	30	77
65	53	53	36
12	60	82	67
47	28	27	69
91	81	40	89
15	66	64	80
49	55	72	58
84	57	74	26
72	18	97	96
23	25	29	38
97	42	72	45
38	82	20	40
78	39	36	32
21	95	46	17
74	93	92	19
38	72	17	85
74	21	96	89
62	33	14	98
45	90	57	75
55	39	92	83
38	83	79	28
57	28	47	88
20	60	83	50
87	85	29	85
63	75	47	21
87	27	83	75
85	61	64	84
55	95	54	72
25	39	55	34
60	98	48	88
57	22	33	66
72	98	66	11
80	85	89	14
59	83	18	41
27	96	58	92
47	60	98	86
83	31	41	25
29	37	22	11
65	86	82	37
45	24	24	23
79	71	34	32
15	34	88	67
97	37	16	25
57	85	19	77
21	70	30	22
90	15	47	75
12	55	44	91
43	47	70	31
21	95	33	21
85	45	23	52
87	18	87	37
46	58	20	82
22	14	27	65
50	37	49	55
98	14	22	54
76	48	28	17
68	45	43	67
14	26	24	29
60	50	79	25
37	90	22	22
46	77	48	14
41	16	38	28
53	40	24	49
98	25	34	39
18	42	23	96
41	23	67	81
87	78	80	42
87	87	18	90
19	27	86	19
56	23	71	36
58	82	92	22
71	52	77	82
11	59	21	31
20	88	62	28
17	34	83	51
